const u16 MonsNo2ZukanNoData[]={
		203,
		204,
		205,
		206,
		207,
		208,
		209,
		210,
		211,
		212,
		213,
		214,
		215,
		216,
		217,
		218,
		219,
		220,
		221,
		222,
		223,
		224,
		225,
		226,
		156,
		157,
		112,
		113,
		227,
		228,
		229,
		230,
		231,
		232,
		233,
		234,
		153,
		154,
		138,
		139,
		63,
		64,
		88,
		89,
		90,
		235,
		236,
		237,
		238,
		239,
		240,
		241,
		242,
		158,
		159,
		243,
		244,
		245,
		246,
		247,
		248,
		249,
		39,
		40,
		41,
		73,
		74,
		75,
		250,
		251,
		252,
		66,
		67,
		57,
		58,
		59,
		253,
		254,
		255,
		256,
		82,
		83,
		257,
		92,
		93,
		258,
		259,
		106,
		107,
		260,
		261,
		262,
		263,
		264,
		265,
		266,
		267,
		268,
		269,
		84,
		85,
		270,
		271,
		272,
		273,
		274,
		275,
		276,
		108,
		109,
		169,
		170,
		277,
		278,
		279,
		184,
		185,
		50,
		51,
		143,
		144,
		280,
		281,
		282,
		283,
		284,
		167,
		285,
		52,
		53,
		286,
		287,
		288,
		289,
		290,
		291,
		292,
		293,
		294,
		295,
		296,
		297,
		298,
		299,
		300,
		301,
		302,
		303,
		304,
		305,
		306,
		307,
		308,
		309,
		310,
		311,
		312,
		313,
		314,
		315,
		316,
		317,
		318,
		319,
		320,
		321,
		322,
		323,
		65,
		181,
		182,
		155,
		324,
		137,
		325,
		326,
		162,
		163,
		327,
		328,
		329,
		91,
		55,
		56,
		330,
		331,
		332,
		333,
		334,
		335,
		336,
		337,
		338,
		339,
		340,
		341,
		342,
		343,
		344,
		345,
		346,
		161,
		164,
		347,
		348,
		349,
		350,
		351,
		352,
		353,
		354,
		355,
		356,
		168,
		357,
		358,
		359,
		103,
		104,
		360,
		361,
		180,
		362,
		363,
		364,
		365,
		115,
		366,
		367,
		186,
		165,
		166,
		368,
		369,
		370,
		371,
		372,
		373,
		374,
		375,
		376,
		377,
		378,
		379,
		380,
		381,
		382,
		383,
		384,
		385,
		386,
		387,
		388,
		389,
		390,
		391,
		392,
		393,
		394,
		395,
		396,
		397,
		398,
		399,
		400,
		401,
		402,
		403,
		404,
		405,
		406,
		407,
		408,
		409,
		410,
		411,
		1,
		2,
		3,
		4,
		5,
		6,
		7,
		8,
		9,
		10,
		11,
		12,
		13,
		14,
		15,
		16,
		17,
		18,
		19,
		20,
		21,
		22,
		23,
		24,
		42,
		43,
		44,
		25,
		26,
		34,
		35,
		114,
		27,
		28,
		32,
		33,
		99,
		100,
		61,
		62,
		145,
		131,
		132,
		60,
		105,
		68,
		127,
		128,
		183,
		129,
		130,
		140,
		141,
		97,
		98,
		116,
		117,
		118,
		48,
		49,
		78,
		79,
		101,
		102,
		173,
		174,
		175,
		119,
		120,
		171,
		172,
		125,
		126,
		54,
		110,
		111,
		80,
		81,
		69,
		76,
		77,
		121,
		122,
		160,
		148,
		149,
		94,
		36,
		37,
		38,
		95,
		96,
		150,
		45,
		46,
		47,
		176,
		177,
		178,
		152,
		146,
		147,
		124,
		123,
		179,
		70,
		71,
		72,
		142,
		86,
		87,
		133,
		134,
		135,
		136,
		29,
		30,
		31,
		187,
		188,
		189,
		190,
		191,
		192,
		193,
		194,
		195,
		198,
		199,
		200,
		196,
		197,
		201,
		202,
		151,
};
